695
205
53
557
657
570
480
1004
214
455
473
583
338
490
107
172
757
494
900
112
593
750
433
753
299
430
489
296
337
322
988
210
236
940
398
567
601
350
948
568
160
592
344
915
349
755
573
415
559
631
148
82
778
358
423
389
1008
681
44
824
739
844
36
510
164
871
752
67
61
964
34
169
927
64
540
633
285
106
20
159
216
833
377
376
984
534
257
986
432
718
838
265
188
1007
971
686
247
876
215
696
768
192
804
526
290
563
330
397
571
506
329
723
819
952
270
578
156
917
153
877
478
479
774
94
565
518
749
692
622
675
956
577
131
617
306
31
393
412
442
511
76
572
146
307
556
345
616
974
807
183
685
632
772
166
682
982
200
679
726
420
823
762
550
599
713
484
588
708
574
119
507
196
792
949
662
320
21
69
767
303
294
26
939
7
238
603
108
613
364
425
283
158
419
245
870
611
137
57
235
901
852
627
543
437
759
362
296
337
13
854
336
427
693
606
288
